Trinity.gene	50RH_Bag1_1	50RH_Bag1_2	50RH_Bag1_3	85RH_Bag1_1	85RH_Bag1_2	100RH_Bag1_1	100RH_Bag1_2	100RH_Bag1_3	50RH_Bag2_1	85RH_Bag2_1	100RH_Bag2_1	50RH_Bag3_1	85RH_Bag3_1	100RH_Bag3_1	50RH_Bag4_1	85RH_Bag4_1	100RH_Bag4_1	100RH_Bag4_2	100RH_Bag4_3
TRINITY_DN19503_c0_g2	0	0	0	0	0	2.533	0.473	3.228	0	0	0.61	0	0	1.174	0	0	3.833	1.159	1.407
TRINITY_DN2029_c0_g1	0	1.354	0.781	33.687	18.497	11.638	8.171	6.425	54.042	195.054	24.084	74.312	85.934	439.455	77.365	43.073	320.114	307.513	267.893
TRINITY_DN59642_c0_g2	0	0	0	0	0	0.075	0.067	0.244	0	0	0.147	0	0	0.063	0	0	1.137	0.448	0.521
TRINITY_DN10958_c0_g1	0	0	0	0	0	0	0.05	0.018	0	0	0.824	0	0	0.869	5.029	0	0.482	0.812	0.832
TRINITY_DN13153_c0_g1	0	0	0	0	0	2.863	1.194	0.923	0	7.312	3.625	0	5.136	2.824	0	0	9.251	6.975	5.991
TRINITY_DN121182_c0_g1	0	0	0	0	0	0.579	0.051	0.274	0	0	0	0	0	0.15	0	0	1.177	0.11	0.585
TRINITY_DN14516_c0_g1	0	0	0	0	0	0	0	0.004	0	0	1.058	0	0	0.861	0	0	3.255	3.092	0.569
TRINITY_DN45425_c0_g2	0	0	0	0	0	0.022	0.298	0.62	0	0	0.277	0	0	0.48	0	0	0.754	0.371	0.43
TRINITY_DN12166_c0_g1	0	0	0	0	0	1.802	0.102	3.083	0	4.941	0.523	0	0	0.873	0	0	2.935	1.041	0.27
TRINITY_DN33013_c0_g2	0	0	0	0	0	0	0	0	0	0	0.597	0	0	8	0	0	2.387	1.34	1.782
TRINITY_DN2071_c0_g2	0	0	0	0	0	0.274	0.922	0.207	0	0	0.668	0	0	0.439	0	0	0.71	0.457	0.272
TRINITY_DN10280_c0_g1	0	0	0	0	0	2.041	0.023	3.073	0	0	3.209	0	0	1.867	0	0	7.426	2.164	1.366
TRINITY_DN223615_c0_g1	0	0	0	0	0	1.281	0.182	0.685	0	0	0.03	0	0	0.246	0	0	0.349	0.018	0
TRINITY_DN35499_c0_g1	0	0	0	0	0	2.911	0.107	1.211	0	0	0.713	1.18	0	4.061	0	0	8.015	2.007	5.55
TRINITY_DN19657_c0_g1	0	0	0	0	0	0.488	0.725	0.864	0	0	0.346	0	0	0.117	0	0	0.905	0.148	0.242
TRINITY_DN212_c0_g1	0	0	0	2.409	0	5.849	3.085	10.576	0	19.367	4.769	0	0	1.984	0.142	0	6.706	4.625	4.181
TRINITY_DN14565_c0_g2	0	0	0	0	0	0.413	0	0.157	0	0	0.636	0	0	0.205	0	0	3.63	2.164	1.627
TRINITY_DN19619_c0_g1	0	0	0	0	0	4.055	0.549	3.251	0	1.383	2.353	0	0.181	1.6	0	0	11.208	3.489	6.114
TRINITY_DN3296_c0_g2	0	0	0	81.359	45.777	32.453	11.648	15.657	0	583.978	40.083	3.38	158.956	30.184	27.91	1.53	104.64	78.715	77.723
TRINITY_DN11500_c0_g4	0	0	0	0	0	0.015	0.007	0.015	0	0	0.909	3.688	0	19.614	0	0	4.749	2.798	2.851
TRINITY_DN169138_c0_g1	0	0	0	0	0	0.234	0.046	0.231	0	0.79	1.282	1.22	0	4.896	0	0	0.353	0.445	0.343
TRINITY_DN37275_c0_g1	0	0	0	0	0	0.066	0.075	0.063	0	0	0.196	0	0	0.071	0	0	1.538	1.118	0.498
TRINITY_DN6459_c0_g1	0	0	0	0	0	1.721	0.311	1.303	0	0	0.363	0	0	0.13	0	0	2.284	0.762	1.074
TRINITY_DN14565_c0_g1	0	0	0	0	0	0.294	0	0.098	0	0	1.014	0	0	0.334	0	0	1.876	1.559	0.601
TRINITY_DN65279_c0_g1	0	0	0	0	0	0.19	0.018	0.179	0	0	0.151	0	0	1.262	0	0	0.103	0.065	0.085
TRINITY_DN17188_c0_g1	0	0	0	0	0	0	0	0	0	0	1.555	10.984	0	14.927	0	0	3.288	1.752	2.609
TRINITY_DN36875_c0_g1	0	0	0	0	0	0.033	0.04	0.132	0	1.976	0.359	0	0	0.472	0	0	0.368	0.35	0.409
TRINITY_DN20560_c0_g1	0	0	0	0	0	0	0	0	0	0	0.405	0	0	11.434	0	0	3.134	1.589	1.695
TRINITY_DN27145_c0_g4	0	0	0	0	0.385	0.38	0.059	0.504	0	0.988	0.22	0	0	0.038	0	0	0.533	0.205	0.249
TRINITY_DN9650_c0_g1	0	0	0	0	0	8.864	1.123	5.267	0	0	2.121	0	0	1.5	0	0	7	1.773	2.694
TRINITY_DN15600_c0_g1	0	0	0	0	0	3.041	0.205	1.687	0	16.205	1.039	0	0	0.522	0	0	4.388	1.171	1.035
TRINITY_DN29296_c0_g4	0	0	0	0	0	0.959	0.146	0.487	0	5.731	0.378	0	0	0.263	0	0	1.571	0.863	0.795
TRINITY_DN169276_c0_g1	0	0	0	0	0	0.636	0	0.115	0	0	0.269	0	0	0.48	0	0	0.85	0.388	0.473
TRINITY_DN42723_c0_g2	0	0	0	0	0	3.739	1.323	2.919	0	6.719	1.124	3.688	0	4.194	0	0	0.603	0	0.007
TRINITY_DN963_c0_g3	0	0	0	4.638	4.648	5.774	2.793	2.78	0	20.355	6.59	1.971	13.201	5.218	0	0	21.698	12.836	11.938
TRINITY_DN16142_c0_g1	0	0	0	0	0	0.705	0.077	1.118	0	0	0.169	0	0	0.414	0	0	4.649	2.01	1.752
TRINITY_DN29610_c0_g1	0	0	0	0	0	0.625	0.283	0.812	0	0	0.041	0	0	0	0	0	0.544	0.039	0.343
TRINITY_DN2449_c0_g1	0	0	0	0	3.398	5.069	1.348	3.12	0	148.613	4.647	0	2.785	3.706	0	0.115	12.815	9.436	8.326
TRINITY_DN4224_c0_g1	0	0	0	2.553	2.116	2.785	1.362	1.756	0.153	15.019	2.385	0	0	2.131	0	0	5.988	3.934	3.857
TRINITY_DN9368_c0_g2	0	0	0	18.911	8.271	9.827	4.062	5.334	0	205.528	5.554	0.523	10.597	4.336	0	4.858	14.893	10.293	10.01
TRINITY_DN22969_c0_g1	0	0	0	0	0	0.539	0.31	0.396	0	0	0.12	0	0	0.079	0	0	7.32	0.821	3.48
TRINITY_DN16711_c0_g1	0	0	0	0	0	2.505	0.622	2.085	0	0	1.344	0	0	0.802	0	0	6.029	2.013	1.78
TRINITY_DN6404_c0_g2	2.207	0	0	0	0	1.557	0.746	0.719	0	0	6.379	0	0	6.785	7.604	3.519	11.943	8.656	7.202
TRINITY_DN227527_c0_g1	0	0	0	0	0	0.247	0.077	0.019	0	0	0.439	15.034	0	1.416	0	0	0.092	0.065	0.014
TRINITY_DN32960_c0_g4	0	0	0	0	0	1.796	0.736	1.587	0	0	0.008	0	0	0.029	0	0	2.994	0.581	1.017
TRINITY_DN9666_c0_g1	0	0	0	0	0	19.804	17.851	18.374	0	0	5.731	0	0	5.247	0	0	15.559	11.65	11.591
TRINITY_DN8690_c0_g1	0	0	0	0	0	4.793	0.605	2.835	0	0	1.609	0	0	0.681	0	0	6.547	2.567	2.399
TRINITY_DN55460_c0_g1	0	0	0	0	0	0.415	0.005	0.252	0	0	0.124	0	0	0.188	0	0	0.298	0.314	0.151
TRINITY_DN3548_c0_g2	0	0	0	0	0	12.033	0.888	15.115	0.02	11.265	3.516	0	0	2.231	0	0	26.226	5.878	4.634
TRINITY_DN9666_c0_g2	0	0	0	0	0	11.198	6.212	6.499	0	0	2.008	0	0	7.57	0.193	0	0.975	0.012	0.434
TRINITY_DN8399_c0_g2	0	0	0	0	0	2.377	0.21	2.104	0	0	1.233	0	0	1.333	0	0.153	3.634	1.651	2.516
TRINITY_DN9837_c0_g1	0	0	0	0	0	244.083	47.507	104.632	0	1.581	73.927	0	0	51.452	0.132	0	227.782	93.368	63.333
TRINITY_DN4739_c0_g2	0	0	0	6.399	0	12.373	9.345	14.08	0	139.522	7.613	6.518	2.387	6.45	0	30.067	29.945	18.7	23.732
TRINITY_DN32619_c0_g2	0	0	0	0	0	0.859	0.036	0.935	0	10.474	0.166	0	0	0.159	0	0	1.052	0.471	0.466
TRINITY_DN3639_c0_g2	0	0	0	0	0	1.411	0.011	0.768	0	0	0.781	0	0	3.697	0	0	0.04	0	0.011
TRINITY_DN875_c0_g1	0	0	0	0	0	1.274	0.32	0.546	0	0	0.126	0	0	0.547	0	0	5.356	3.984	5.155
TRINITY_DN116100_c0_g1	0	0	0	0	0	0.245	0.032	0.188	0	0	0.593	0	0	1.341	0	0	0.04	0.059	0.011
TRINITY_DN6162_c0_g2	0	0	0	1.33	0	41.995	7.713	19.448	0	13.043	17.294	0	0	13.247	0	15.913	57.367	21.984	23.056
TRINITY_DN5098_c0_g1	0	0	0	0	0	1.902	0.043	0.21	0	0	7.101	0	0	3.76	0	0	8.64	3.8	2.191
TRINITY_DN9133_c0_g1	0	0	0	0	0	0.482	0.031	0.392	0	0.593	0.742	0	0	0.322	0	0	2.77	0.667	0.578
TRINITY_DN2364_c0_g2	0	0	0	0	0	1.31	0.003	0.631	0	0	3.529	0.536	0	10.394	0	0	0.287	0.24	0.313
TRINITY_DN68628_c0_g1	0	0	0	0	0	0.166	0.061	0.611	0	0	0.418	0	0	0.468	0	0	0.758	0.086	2.312
TRINITY_DN2020_c0_g1	0	0	0	0	0	8.532	1.209	1.763	0	13.438	15.31	5.968	0	8.034	0	0	27.918	14.235	12.413
TRINITY_DN33845_c0_g1	0	0	0	0	0	0.099	0.023	0.396	0	0	0.766	0	0	0.384	0	0	0.905	0.883	0.231
TRINITY_DN8333_c0_g2	0	0	0	0	2.789	3.203	2.135	1.316	0	0	3.456	0	0	2.135	0	0	10.649	6.454	6.078
TRINITY_DN2932_c0_g2	0	0	0	0.252	0.096	34.624	2.838	12.426	0.848	3.36	21.453	3.541	1.23	16.686	0.294	0.153	44.213	25.21	31.096
TRINITY_DN1392_c0_g2	0	0	0	4.422	5.738	6.913	3.141	3.776	0	174.897	8.069	0	55.409	6.221	0	10.749	16.262	11.443	11.801
TRINITY_DN27869_c0_g1	0	0	0	0	0	0.071	0.028	0.209	0	0	0.181	0	0	0.217	0	0	0.85	0.216	0.528
TRINITY_DN26487_c0_g3	0	0	0	0	0	0	0	0	0	0	0.493	0	0	9.471	0	0	3.031	1.295	1.688
TRINITY_DN22087_c0_g1	0	0	0	0	0	0	0	0	0	0	0.523	0	0	10.102	0	0	3.152	1.773	1.501
TRINITY_DN1616_c0_g2	1.399	0	0	0	0	88.838	21.138	37.785	0	0	81.723	0	0	90.91	0	11.935	184.959	107.968	105.627
TRINITY_DN226474_c0_g1	0	0	0	0	0	0.161	0.007	0.156	0	0	0.139	0	0	0.351	0	0	1.21	0.623	1.072
TRINITY_DN3506_c0_g1	0	0	0	0	0	0.689	0.07	0.423	0	1.779	0.591	0	0	0.556	0	0	2.464	0.895	0.711
TRINITY_DN10654_c0_g2	0	0	0	0	0	1.617	0.27	3.031	0	34.386	0.806	0	0	0.426	0	0	2.148	0.744	0.546
TRINITY_DN43475_c0_g4	0	0	0	0	0	1.137	0.465	0.528	0	0	0.696	0	0	1.161	0	0	0.269	0.385	0.082
TRINITY_DN3213_c0_g1	0	0	0	0	4.135	4.733	1.317	1.774	0	0	7.427	4.815	0.289	5.022	0	0	28.477	19.761	21.973
TRINITY_DN28475_c0_g1	0	0	0	0	0	3.103	2.42	2.085	0	0	3.452	0	0	9.429	0	0	0.688	0.391	0.468
TRINITY_DN27281_c0_g1	0	0	0	0	0	1.303	0.069	0.901	0	0	0.469	0	0	0.038	0	0	0.828	0.205	0.334
TRINITY_DN7127_c0_g1	0	0	0	0	0	1.462	0.22	2.97	0	0	1.118	0	0	0.263	0	0	1.379	0.904	1.22
TRINITY_DN34480_c0_g1	0	0	0	0	0	0.404	0.074	0.293	0	0	0.354	0	0	3.125	0	0	0.044	0	0.183
TRINITY_DN4765_c0_g1	0.269	0	0	5.033	0.737	4.285	2.913	1.978	0.531	12.253	5.756	2.696	12.586	4.236	1.845	0.536	13.231	9.851	9.409
TRINITY_DN14987_c0_g2	0	0	0	0	0	2.317	1.314	2.578	0	1.383	2.257	0	0	0.836	0	0	4.366	1.043	0.756
TRINITY_DN4156_c0_g1	0	0	0	0	0	18.271	9.685	9.163	11.105	1.383	45.662	7.215	29.766	31.341	1.217	0	81.459	56.879	38.456
TRINITY_DN5635_c0_g1	0	0	0	0	0	1.338	0.189	1.036	0	16.6	0.86	0	2.64	0.313	0	0	3.546	1.073	1.186
TRINITY_DN9650_c0_g2	0	0	0	0	0	5.654	0.775	4.164	0	0	3.241	0	0	2.289	0	0	5.723	1.026	1.794
TRINITY_DN39884_c0_g1	0	0	0	0	0	0.25	0.026	0.566	0	0	1.496	0	0	2.444	0	0	0.305	0.178	0
TRINITY_DN24967_c0_g2	0	0	0	0	0	4.334	1.304	2.476	0	0	0.245	0	0	0.242	0	0	8.751	3.857	4.906
TRINITY_DN24834_c0_g2	0	0	0	0	0	1.343	0.063	0.863	0	1.779	0.8	0	0	0.297	0	0	2.829	0.877	1.188
TRINITY_DN25548_c0_g1	0	0	0	0	0	2.154	0.415	1.052	0	0	0.203	0	0	0.652	0	0	0.372	0.19	0.212
TRINITY_DN4429_c0_g2	0	0	0.101	0	0	1.257	0.5	0.71	0	90.314	2.229	0	0.76	1.633	0	0	4.796	3.688	4.462
TRINITY_DN15024_c0_g2	0	0	0	0	0	7.594	0.132	1.993	0	0	1.323	0.402	0	2.456	0	0	0.132	0	0
TRINITY_DN30667_c0_g2	0	0	0	0	0	0.4	0.024	0.321	0	2.371	0.175	0	0	0.054	0	0	0.669	0.406	0.507
TRINITY_DN10605_c0_g2	0	0	0	0	0	0.959	0.399	0.561	0	0.988	0.689	0	0	0.088	0	0	1.379	0.439	0.51
TRINITY_DN10741_c0_g1	0	0	0	0	0	0.753	0.497	0.647	0	0	0.734	0	0	0	0	0	0.644	0.053	0.279
TRINITY_DN32518_c0_g1	0	0	0	0	0	9.743	0.642	7.46	0	0	2.916	0	0	2.49	0	0	29.298	9.86	13.645
TRINITY_DN17774_c0_g2	0	0	0	0	0	0	0	0	0	0	1.536	0	0	19.046	0	0	7.537	1.384	1.686
TRINITY_DN32833_c0_g2	0	0	0	0	0	0.612	0.189	0.595	0	0	0.911	0	0	0.693	0	0	4.51	1.734	1.631
TRINITY_DN80275_c0_g1	0	0	0	0	0	3.105	0.736	2.896	0	0	1.127	0	0	0.815	0	0	5.959	1.592	1.469
TRINITY_DN2026_c0_g1	0	0	0	0	0	2.35	1.989	1.029	0	0	4.177	2.159	0	2.753	0	0	5.117	3.952	2.744
TRINITY_DN19766_c0_g1	0	0	0	0	0	17.809	0.643	9.1	0	0	5.974	0	0	3.413	0	0	21.492	6.531	7.796
TRINITY_DN7474_c0_g2	0	0	0	0	0	0.382	0.241	0.566	0	0	0.049	0	0	0.113	0	0	0.791	0.234	0.891
TRINITY_DN31667_c0_g1	0	0	0	0	0	1.745	0.147	1.052	0	0	0.631	0	0	0.155	0	0	3.119	0.694	1.835
TRINITY_DN102250_c0_g1	0	0	0	0	0	0.618	0.051	0.079	0	1.383	0.109	0	0	0.43	0	0	0.662	0.219	0.087
TRINITY_DN10958_c0_g2	0	0	0	0	0	0.011	0	0.041	0	0	0.836	0	0	1.191	1.338	0	1.563	1.467	0.279
TRINITY_DN12990_c0_g1	0	0	0	0	0	1.69	0.448	0.936	0	13.043	1.191	2.883	0	0.886	0	0	4.087	2.92	3.361
TRINITY_DN9652_c0_g1	0	0	0	0	0	7.622	0.65	4.856	0	0	4.137	0	0	3.33	0	0	7.283	1.648	3.279
TRINITY_DN27440_c0_g1	0	0	0	0	0	0.095	0.17	0.025	3.044	7.51	1.831	0	0	1.55	0	0	1.405	0.99	1.145
TRINITY_DN8645_c0_g2	0	0	1.562	0	0	3.322	1.718	1.216	0	15.019	11.239	12.674	0	45.8	0	0	3.321	1.776	1.634
TRINITY_DN7252_c0_g1	0	0	0	0	0	3.229	1.56	1.123	0	0	0	0	0	0	0	0	0	0	0
TRINITY_DN2849_c0_g1	0	0	0	0	0	1.04	0.035	0.117	0	0	2.716	0	0	2.837	0	0	6.853	3.566	3.727
TRINITY_DN11727_c0_g1	0	0	0	0	0	0.197	0.245	0.292	0	1.779	0.999	0	0	2.423	0	0	7.147	5.081	5.294
TRINITY_DN16541_c0_g2	0	0	0	0	0	4.11	0.232	6.288	0	32.213	1.299	0	0	0.89	0	0	6.257	1.227	1.049
TRINITY_DN373_c0_g1	0	0	0	0.036	0	3.366	1.616	2.032	1.972	80.235	4.894	0	17.722	2.987	0	0	14.886	11.031	6.928
TRINITY_DN4732_c0_g1	0	0	0	0.899	0	4.853	1.246	4.037	0	2.964	1.739	0	0	1.007	0	0	6.33	2.938	1.371
TRINITY_DN2964_c0_g1	0	0	0	0	0	3.125	0.015	1.455	0	0	0.28	0	0	0.117	0	0	4.432	0.975	0.064
TRINITY_DN9365_c0_g1	0	0	0	0	0	3.885	0.109	3.842	0	0	1.376	0	0	0.861	0	0	6.889	1.553	3.167
TRINITY_DN4826_c0_g1	0	0	0	0	0	1.051	0.086	0.321	0	0	8.886	0	0	5.159	0	0	19.988	12.172	9.206
TRINITY_DN4804_c0_g1	0	0	0	0.827	0	9.628	5.403	5.245	0	0	14.689	0	0	12.88	0	0	27.304	19.681	20.097